<?xml version="1.0" encoding="UTF-8"?>
<COLLADA xmlns="http://www.collada.org/2005/11/COLLADASchema" version="1.4.1">
    <asset>
        <contributor>
            <authoring_tool>Lightwave 9.5</authoring_tool>
        </contributor>
        <created>2011-10-13T23:51:25Z</created>
        <modified>2011-10-13T23:51:25Z</modified>
        <unit meter="1"></unit>
        <up_axis>Y_UP</up_axis>
    </asset>
    <library_animations></library_animations>
    <library_cameras></library_cameras>
    <library_lights></library_lights>
    <library_materials>
        <material id="01" name="01">
            <instance_effect url="#01-fx"></instance_effect>
        </material>
        <material id="02" name="02">
            <instance_effect url="#02-fx"></instance_effect>
        </material>
    </library_materials>
    <library_effects>
        <effect id="01-fx">
            <profile_COMMON>
                <technique sid="common">
                    <blinn>
                        <diffuse>
                            <color>1 0.580392 0.156863 0</color>
                        </diffuse>
                    </blinn>
                </technique>
            </profile_COMMON>
        </effect>
        <effect id="02-fx">
            <profile_COMMON>
                <technique sid="common">
                    <blinn>
                        <diffuse>
                            <color>0.47451 0.372549 0.215686 0</color>
                        </diffuse>
                    </blinn>
                </technique>
            </profile_COMMON>
        </effect>
    </library_effects>
    <library_geometries>
        <geometry id="Mesh_Object_lib" name="Mesh_Object">
            <mesh>
                <source id="Mesh_Object_positions" name="position">
                    <float_array id="Mesh_Object_positions_array" count="2241">-2.89083e-08 0.0136258 0.000720981 
0.521746 -0.00540603 -4.47035e-08 
0.503657 0.0356941 -0.0488849 
0.511721 -0.00556115 -0.101788 
0.49928 -0.00575352 -0.151455 
0.482031 -0.00602001 -0.199664 
0.460139 -0.00635783 -0.24595 
0.433816 -0.00676346 -0.289867 
0.391216 0.03396 -0.320342 
0.36893 -0.0077607 -0.36893 
0.330992 -0.00834205 -0.403315 
0.199664 -0.0103447 -0.482031 
0.146911 0.0302319 -0.483581 
0.101788 -0.0118275 -0.511721 
0.05114 -0.0125916 -0.519234 
-0.0511401 -0.014128 -0.519234 
-0.101788 -0.0330519 -0.511721 
-0.151455 -0.0156263 -0.49928 
-0.193674 0.0251226 -0.466849 
-0.24595 -0.0170301 -0.460139 
-0.330992 -0.0182872 -0.403315 
-0.36893 -0.0188461 -0.36893 
-0.391216 0.0222046 -0.320342 
-0.433816 -0.0197993 -0.289867 
-0.460139 -0.020185 -0.24595 
-0.49928 -0.0207576 -0.151455 
-0.511721 -0.0209393 -0.101788 
-0.503657 0.0205582 -0.0488849 
-0.521746 -0.0210856 -4.47035e-08 
-0.519234 -0.021049 0.05114 
-0.511721 -0.0209393 0.101788 
-0.49928 -0.0207576 0.151455 
-0.482031 -0.0205054 0.199664 
-0.433816 -0.0197993 0.289867 
-0.391216 0.0222046 0.321784 
-0.36893 -0.0188461 0.36893 
-0.330992 -0.0182872 0.403315 
-0.289867 -0.01768 0.433816 
-0.24595 -0.0170301 0.460139 
-0.199664 -0.0163434 0.482031 
-0.151455 -0.0156263 0.49928 
-0.0987341 0.0265367 0.497091 
-0.0511401 -0.014128 0.519234 
-2.98023e-08 -0.0133609 0.521746 
0.05114 -0.0125916 0.519234 
0.101788 -0.0118275 0.511721 
0.245949 -0.00964059 0.460139 
0.289867 -0.0089708 0.433816 
0.330992 -0.00834204 0.403315 
0.357862 0.0334478 0.358583 
0.403315 -0.00723269 0.330992 
0.433816 -0.00676345 0.289867 
0.460139 -0.00635782 0.245949 
0.46757 0.0351363 0.194395 
0.49928 -0.00575352 0.151455 
0.511721 -0.00556115 0.101788 
0.519234 -0.00544491 0.05114 
1.00794 0.0523864 -4.47035e-08 
0.972991 0.0911941 -0.0951102 
0.988569 0.052175 -0.196639 
0.964535 0.051913 -0.292589 
0.888921 0.0510905 -0.475138 
0.838069 0.0505391 -0.55998 
0.755771 0.0888355 -0.619524 
0.712719 0.0491856 -0.712719 
0.639428 0.048398 -0.779146 
0.475138 0.0466426 -0.888921 
0.385721 0.045693 -0.931212 
0.283811 0.0837978 -0.934878 
0.196639 0.0436985 -0.988569 
0.098795 0.0426735 -1.00308 
-2.98023e-08 0.0416435 -1.00794 
-0.196639 0.039608 -0.988569 
-0.292589 0.0386217 -0.964535 
-0.374149 0.0769695 -0.902555 
-0.475138 0.036758 -0.888921 
-0.639428 0.0350947 -0.779146 
-0.712719 0.0343569 -0.712719 
-0.755771 0.0731105 -0.619524 
-0.838069 0.0331012 -0.55998 
-0.888921 0.032594 -0.475138 
-0.964535 0.0318421 -0.292589 
-0.988569 0.0316037 -0.196639 
-0.972991 0.0709467 -0.0951102 
-1.00794 0.0314118 -4.47035e-08 
-1.00308 0.0314598 0.098795 
-0.988569 0.0316037 0.196639 
-0.931212 0.0321731 0.385721 
-0.838069 0.0331012 0.559979 
-0.755771 0.0731105 0.620966 
-0.712719 0.0343569 0.712719 
-0.639428 0.0350947 0.779145 
-0.55998 0.0358974 0.838069 
-0.385721 0.0376688 0.931212 
-0.292589 0.0386218 0.964535 
-0.19074 0.0788504 0.959633 
-0.0987951 0.0406184 1.00308 
-2.98023e-08 0.0416435 1.00794 
0.196639 0.0436985 0.988569 
0.385721 0.045693 0.931212 
0.559979 0.0475474 0.838069 
0.639428 0.048398 0.779145 
0.691337 0.0881407 0.692058 
0.779145 0.0499018 0.639428 
0.838069 0.0505391 0.559979 
0.888921 0.0510905 0.475138 
0.903276 0.0904343 0.37487 
0.964535 0.051913 0.292588 
0.988569 0.052175 0.196639 
1.42544 0.223515 -4.47035e-08 
1.37602 0.257199 -0.134805 
1.39805 0.223344 -0.278089 
1.36406 0.223133 -0.413783 
1.18521 0.222028 -0.791931 
1.06882 0.255303 -0.876438 
1.00794 0.220945 -1.00794 
0.671947 0.218922 -1.25712 
0.545491 0.218172 -1.31693 
0.401369 0.251305 -1.32242 
0.278089 0.216604 -1.39805 
0.139717 0.215803 -1.41857 
-0.278089 0.213424 -1.39805 
-0.413783 0.212665 -1.36406 
-0.529127 0.246007 -1.2767 
-0.671947 0.211239 -1.25712 
-1.00794 0.209418 -1.00794 
-1.06882 0.243079 -0.876438 
-1.18521 0.208473 -0.791931 
-1.25712 0.208093 -0.671947 
-1.36406 0.207531 -0.413783 
-1.39805 0.207353 -0.278089 
-1.37602 0.241459 -0.134805 
-1.42544 0.20721 -4.47035e-08 
-1.41857 0.207246 0.139717 
-1.31693 0.207778 0.545491 
-1.18521 0.208473 0.791931 
-1.06882 0.243079 0.87788 
-1.00794 0.209418 1.00794 
-0.904288 0.209976 1.10188 
-0.545491 0.211935 1.31693 
-0.413783 0.212665 1.36406 
-0.269746 0.247452 1.35683 
-0.139717 0.214205 1.41857 
-2.98023e-08 0.215 1.42544 
0.545491 0.218172 1.31693 
0.791931 0.21964 1.18521 
0.904288 0.220317 1.10188 
0.977698 0.254747 0.978419 
1.10188 0.221518 0.904288 
1.18521 0.222028 0.791931 
1.25712 0.222471 0.671947 
1.27742 0.256586 0.529848 
1.36406 0.223133 0.413783 
1.39805 0.223344 0.278089 
1.7458 0.511889 -4.47035e-08 
1.68527 0.536948 -0.165264 
1.71225 0.511826 -0.340588 
1.67062 0.511749 -0.506778 
1.45158 0.511352 -0.969913 
1.30903 0.536267 -1.07358 
1.23447 0.510972 -1.23447 
0.822963 0.510288 -1.53966 
0.668088 0.510043 -1.61291 
0.491575 0.534932 -1.61978 
0.340588 0.509547 -1.71225 
0.171118 0.509303 -1.73739 
-0.340588 0.508614 -1.71225 
-0.506778 0.508405 -1.67062 
-0.648045 0.533395 -1.5638 
-0.822963 0.508031 -1.53966 
-1.23447 0.507585 -1.23447 
-1.30903 0.532675 -1.07358 
-1.45158 0.507368 -0.969913 
-1.53966 0.507284 -0.822963 
-1.67062 0.507163 -0.506778 
-1.71225 0.507125 -0.340588 
-1.68527 0.532321 -0.165264 
-1.7458 0.507096 -4.47035e-08 
-1.73739 0.507103 0.171118 
-1.61291 0.507216 0.668088 
-1.45158 0.507368 0.969913 
-1.30903 0.532675 1.07502 
-1.23447 0.507585 1.23447 
-1.10752 0.507717 1.34952 
-0.668088 0.508211 1.61291 
-0.506778 0.508405 1.67062 
-0.330371 0.533786 1.66161 
-0.171118 0.508834 1.73739 
0.0398894 0.470202 1.77966 
0.707977 0.471181 1.64677 
0.969913 0.510526 1.45158 
1.10752 0.510756 1.34952 
1.19743 0.536073 1.19815 
1.34952 0.511171 1.10752 
1.45158 0.511352 0.969913 
1.53966 0.51151 0.822963 
1.56452 0.536725 0.648766 
1.67062 0.511749 0.506778 
1.71225 0.511826 0.340588 
1.94718 0.903783 -4.47035e-08 
1.87967 0.9171 -0.184411 
1.90977 0.903783 -0.379877 
1.87658 0.935038 -0.568053 
1.63227 0.935038 -1.08461 
1.46004 0.9171 -1.1975 
1.37687 0.903783 -1.37687 
0.917896 0.903783 -1.71726 
0.745155 0.903783 -1.79896 
0.54828 0.9171 -1.80672 
0.379877 0.903783 -1.90977 
0.190857 0.903783 -1.93781 
-0.379877 0.903783 -1.90977 
-0.565238 0.903783 -1.86334 
-0.7228 0.9171 -1.74427 
-0.933524 0.951764 -1.74327 
-1.39249 0.951764 -1.40288 
-1.46004 0.9171 -1.1975 
-1.61902 0.903783 -1.0818 
-1.71726 0.903783 -0.917896 
-1.86334 0.903783 -0.565238 
-1.90977 0.903783 -0.379877 
-1.87967 0.9171 -0.184411 
-1.94718 0.903783 -4.47035e-08 
-1.93781 0.903783 0.190857 
-1.79896 0.903783 0.745155 
-1.61902 0.903783 1.0818 
-1.46004 0.9171 1.19894 
-1.37687 0.903783 1.37687 
-1.28488 0.876024 1.54527 
-0.794751 0.876024 1.83904 
-0.565238 0.903783 1.86334 
-0.36848 0.9171 1.8532 
-0.190857 0.903783 1.93781 
0.0398894 0.864921 1.98105 
0.785044 0.864921 1.83283 
1.10233 0.881576 1.63884 
1.23528 0.903783 1.50519 
1.33556 0.9171 1.33628 
1.50519 0.903783 1.23528 
1.61902 0.903783 1.0818 
1.71726 0.903783 0.917896 
1.74499 0.9171 0.723521 
1.86334 0.903783 0.565238 
1.90977 0.903783 0.379877 
2.01587 1.33104 -4.47035e-08 
1.94598 1.33154 -0.190941 
1.97714 1.33104 -0.393277 
1.94232 1.36229 -0.587992 
1.68938 1.36229 -1.12277 
1.51154 1.33154 -1.23977 
1.42544 1.33104 -1.42544 
0.950276 1.33104 -1.77784 
0.771441 1.33104 -1.86242 
0.567622 1.33154 -1.87048 
0.350327 1.41307 -2.01884 
0.154639 1.41307 -2.04786 
-0.436228 1.41307 -2.01884 
-0.628128 1.41307 -1.97077 
-0.748298 1.33154 -1.80583 
-0.965904 1.37902 -1.80385 
-1.44107 1.37902 -1.45145 
-1.51154 1.33154 -1.23977 
-1.70646 1.34994 -1.1235 
-1.80816 1.34994 -0.953819 
-1.95939 1.34994 -0.58872 
-1.97714 1.33104 -0.393277 
-1.94598 1.33154 -0.190941 
-2.01587 1.33104 -4.47035e-08 
-2.00617 1.33104 0.19759 
-1.86242 1.33104 0.771441 
-1.67614 1.33104 1.11996 
-1.51154 1.33154 1.24121 
-1.42544 1.33104 1.42544 
-1.32845 1.30328 1.59837 
-0.821037 1.30328 1.9025 
-0.585177 1.33104 1.92907 
-0.381479 1.33154 1.91855 
-0.19759 1.33104 2.00617 
-0.000281496 1.34848 2.03688 
0.778796 1.36592 1.90099 
1.11996 1.33104 1.67614 
1.27886 1.33104 1.55829 
1.38267 1.33154 1.3834 
1.55829 1.33104 1.27886 
1.67614 1.33104 1.11996 
1.77784 1.33104 0.950276 
1.80655 1.33154 0.749019 
1.92907 1.33104 0.585177 
1.97714 1.33104 0.393277 
1.94718 1.7583 -4.47035e-08 
1.87967 1.74598 -0.184411 
1.90977 1.7583 -0.379877 
1.92924 1.8009 -0.576995 
1.65448 1.79523 -1.09667 
1.46004 1.74598 -1.1975 
1.37687 1.7583 -1.37687 
1.01009 1.78314 -1.70306 
0.745155 1.7583 -1.79896 
0.54828 1.74598 -1.80672 
0.336926 1.84033 -1.95147 
0.126134 1.87109 -1.99549 
-0.4446 1.87109 -1.96745 
-0.608188 1.84033 -1.90504 
-0.7228 1.74598 -1.74427 
-0.933524 1.80628 -1.74327 
-1.39249 1.80628 -1.40288 
-1.46004 1.74598 -1.1975 
-1.64934 1.7772 -1.08534 
-1.74758 1.7772 -0.921439 
-1.89366 1.7772 -0.568781 
-1.90977 1.7583 -0.379877 
-1.87591 1.74598 -0.185799 
-1.93839 1.7583 -0.0032382 
-1.90712 1.80288 0.20482 
-1.75162 1.80288 0.752981 
-1.57938 1.80288 1.09246 
-1.43817 1.74598 1.19089 
-1.36743 1.7583 1.37339 
-1.23277 1.7583 1.50427 
-0.745155 1.7583 1.79896 
-0.565238 1.7583 1.86334 
-0.369781 1.74598 1.84588 
-0.194076 1.7583 1.9197 
-0.00694137 1.77574 1.93073 
0.739748 1.79318 1.76575 
1.07452 1.7583 1.57811 
1.2315 1.7583 1.48394 
1.33382 1.74598 1.32648 
1.50519 1.7583 1.23528 
1.61902 1.7583 1.0818 
1.71726 1.7583 0.917896 
1.74499 1.74598 0.723521 
1.86334 1.7583 0.565238 
1.90977 1.7583 0.379877 
1.7458 2.15644 -4.47035e-08 
1.68527 2.13217 -0.165264 
1.71225 2.15644 -0.340588 
1.73653 2.19904 -0.518536 
1.48703 2.19337 -0.984787 
1.30903 2.13217 -1.07358 
1.23446 2.15644 -1.23447 
0.915153 2.18128 -1.52545 
0.668088 2.15644 -1.61291 
0.491575 2.13217 -1.61978 
0.340588 2.15644 -1.71225 
0.142441 2.22198 -1.80307 
-0.362361 2.1872 -1.72824 
-0.506778 2.15644 -1.67062 
-0.648045 2.13217 -1.5638 
-0.838591 2.20442 -1.56566 
-1.25009 2.20442 -1.26047 
-1.30903 2.13217 -1.07358 
-1.4819 2.17534 -0.973456 
-1.56998 2.17534 -0.826506 
-1.69428 2.17534 -0.512775 
-1.69196 2.15644 -0.348063 
-1.64234 2.13217 -0.181078 
-1.6862 2.15644 -0.0219557 
-1.64422 2.20102 0.162062 
-1.48635 2.20102 0.646732 
-1.33996 2.20102 0.954059 
-1.22298 2.13217 1.04331 
-1.17321 2.15644 1.2119 
-1.08046 2.23561 1.33514 
-0.683205 2.23561 1.59853 
-0.514862 2.15644 1.62515 
-0.347693 2.13217 1.56417 
-0.195208 2.15644 1.60188 
-0.0327302 2.23746 1.62969 
0.630413 2.31848 1.46177 
0.936113 2.22002 1.27962 
1.08194 2.15644 1.20565 
1.17861 2.13217 1.09228 
1.34025 2.15644 1.05539 
1.44822 2.15644 0.951049 
1.5394 2.15644 0.821516 
1.56452 2.13217 0.648766 
1.67062 2.15644 0.506778 
1.71225 2.15644 0.340588 
1.43688 2.41265 -0.0132934 
1.39293 2.37813 -0.154466 
1.40932 2.41265 -0.291189 
1.37512 2.41265 -0.426644 
1.19523 2.41265 -0.803574 
1.08357 2.37813 -0.893576 
1.01697 2.41265 -1.01843 
0.771447 2.43749 -1.25141 
0.552203 2.41265 -1.32473 
0.411863 2.37813 -1.33461 
0.28362 2.41265 -1.40448 
0.0916974 2.50285 -1.46454 
-0.320722 2.46807 -1.39255 
-0.410765 2.41265 -1.36757 
-0.523347 2.37813 -1.28342 
-0.685298 2.46063 -1.28578 
-1.02209 2.46063 -1.03565 
-1.06514 2.37813 -0.880723 
-1.21441 2.43155 -0.796772 
-1.28236 2.43155 -0.678147 
-1.36019 2.43155 -0.430565 
-1.34168 2.41265 -0.299457 
-1.29075 2.37813 -0.168356 
-1.31866 2.41265 -0.0399076 
-1.28781 2.41265 0.0909644 
-1.14668 2.41265 0.482062 
-1.03241 2.41265 0.73475 
-0.931639 2.37813 0.824462 
-0.898138 2.41265 0.966317 
-0.833069 2.49182 1.06985 
-0.543942 2.49182 1.22457 
-0.418979 2.41265 1.22245 
-0.289381 2.37813 1.14691 
-0.178752 2.41265 1.16231 
-0.0502136 2.47623 1.15835 
0.483232 2.53981 0.984756 
0.744718 2.47623 0.884155 
0.86763 2.41265 0.838108 
0.956777 2.37813 0.765809 
1.08748 2.41265 0.758504 
1.1807 2.41265 0.69858 
1.26059 2.41265 0.620649 
1.29128 2.37813 0.498256 
1.37512 2.41265 0.400881 
1.40932 2.41265 0.26499 
1.0997 2.4455 -0.119419 
1.07433 2.4052 -0.225254 
1.07924 2.44609 -0.314683 
1.0544 2.44681 -0.409543 
0.924567 2.45053 -0.672294 
0.850944 2.41158 -0.741241 
0.796381 2.45411 -0.821033 
0.553995 2.46055 -0.990381 
0.462895 2.46287 -1.03026 
0.369157 2.42418 -1.04269 
0.270416 2.46757 -1.08274 
0.124805 2.52533 -1.08533 
-0.175479 2.53195 -1.06388 
-0.226856 2.47854 -1.0472 
-0.300377 2.43894 -0.994012 
-0.412197 2.4822 -0.967621 
-0.653263 2.4866 -0.786501 
-0.68808 2.44606 -0.702514 
-0.77856 2.48877 -0.631954 
-0.823244 2.48962 -0.548667 
-0.873856 2.49085 -0.374301 
-0.88105 2.49123 -0.284253 
-0.842432 2.44964 -0.198044 
-0.864059 2.49154 -0.100837 
-0.842362 2.49146 -0.00838116 
-0.740981 2.49031 0.266385 
-0.653764 2.48877 0.441232 
-0.578425 2.44606 0.496566 
-0.553255 2.4866 0.593862 
-0.510966 2.56446 0.646741 
-0.31681 2.55961 0.703799 
-0.229449 2.47854 0.694744 
-0.135802 2.43515 0.642546 
-0.0666957 2.4744 0.651142 
0.0229798 2.47219 0.621819 
0.404773 2.57041 0.563466 
0.602368 2.4583 0.48973 
0.690973 2.45614 0.47161 
0.763814 2.41341 0.426626 
0.84903 2.45223 0.416871 
0.915966 2.45053 0.375276 
0.973377 2.44905 0.321493 
1.00264 2.40729 0.233828 
1.05617 2.44681 0.172038 
1.08061 2.44609 0.0770111 
0.839713 2.43435 -0.223167 
0.819587 2.38839 -0.287641 
0.821513 2.43783 -0.348975 
0.802463 2.43995 -0.409834 
0.708061 2.44803 -0.577419 
0.656291 2.40335 -0.617852 
0.617318 2.45468 -0.671417 
0.564836 2.45824 -0.711692 
0.448135 2.46547 -0.776838 
0.385017 2.46897 -0.801069 
0.321247 2.42337 -0.805335 
0.252203 2.47528 -0.831632 
0.183754 2.4779 -0.837647 
0.114797 2.48006 -0.837372 
-0.0220558 2.48265 -0.817973 
-0.0886628 2.48295 -0.799013 
-0.137202 2.43226 -0.761619 
-0.379047 2.47316 -0.620227 
-0.400667 2.4179 -0.563715 
-0.464895 2.46397 -0.516177 
-0.497317 2.45839 -0.459816 
-0.537877 2.44562 -0.341776 
-0.546567 2.43864 -0.280893 
-0.523432 2.38012 -0.222313 
-0.542918 2.42404 -0.157402 
-0.531645 2.4167 -0.0956135 
-0.514824 2.40953 -0.0343652 
-0.46663 2.39641 0.0846564 
-0.401699 2.38612 0.19562 
-0.346467 2.33232 0.2299 
-0.323003 2.38008 0.287115 
-0.279369 2.37884 0.319097 
-0.23256 2.37867 0.342123 
-0.12855 2.38114 0.364213 
-0.0709814 2.38353 0.365234 
0.00164346 2.33762 0.346668 
0.0559927 2.38994 0.352758 
0.124576 2.39368 0.341653 
0.263405 2.40161 0.316088 
0.399768 2.40933 0.287441 
0.527396 2.41612 0.251974 
0.585858 2.41904 0.229346 
0.631397 2.37343 0.190336 
0.688102 2.42384 0.168971 
0.730467 2.42577 0.129335 
0.766189 2.42744 0.0824475 
0.781324 2.38105 0.0178159 
0.816129 2.43026 -0.0331181 
0.83077 2.43156 -0.0958512 
0.838649 2.4329 -0.159399 
1.42997 2.41265 0.126473 
1.73739 2.15644 0.171118 
1.93781 1.7583 0.190857 
2.00617 1.33104 0.19759 
1.93781 0.903783 0.190857 
1.73739 0.511873 0.171118 
1.41857 0.223472 0.139717 
1.00308 0.0523334 0.098795 
1.09509 2.44565 -0.0208787 
0.179869 2.18855 -0.0816129 
0.50258 2.22657 -0.373824 
0.495901 2.24881 -0.422701 
0.458276 2.25333 -0.489735 
0.421981 2.256 -0.527335 
0.378296 2.25828 -0.557547 
0.328877 2.25998 -0.579195 
0.275585 2.26092 -0.59142 
0.22042 2.26091 -0.593717 
0.165452 2.2598 -0.585957 
0.119224 2.23803 -0.563415 
0.064294 2.25388 -0.541702 
0.0219297 2.2491 -0.506859 
-0.0127247 2.2433 -0.465205 
-0.0383277 2.23672 -0.418347 
-0.0538687 2.22974 -0.368102 
0.429051 2.20943 -0.1662 
0.467039 2.23238 -0.201021 
0.486662 2.21771 -0.251587 
0.506682 2.2403 -0.297108 
0.510516 2.24386 -0.348035 
0.287689 2.21389 -0.079051 
0.341196 2.21854 -0.0972706 
0.390155 2.2233 -0.124439 
0.148105 2.20494 -0.0766507 
0.231744 2.20968 -0.0705292 
-0.0587099 2.22278 -0.316428 
-0.0526143 2.2163 -0.265345 
-0.0234732 2.20848 -0.19418 
0.0177431 2.18747 -0.160369 
0.0485191 2.20335 -0.118973 
0.0957441 2.20336 -0.0931661 
-0.215102 2.48135 -0.743434 
0.165854 2.02489 -0.221881 
0.144067 2.02489 -0.233787 
0.129869 2.01757 -0.252885 
0.110854 2.02726 -0.268483 
0.0974097 2.03086 -0.301315 
0.0945975 2.03385 -0.324882 
0.228598 2.02781 -0.211437 
0.190011 2.02562 -0.214261 
0.30168 2.0341 -0.236309 
0.279093 2.0319 -0.223774 
0.254408 2.02975 -0.215369 
0.357208 2.04358 -0.339464 
0.355439 2.04194 -0.315969 
0.346203 2.03151 -0.294968 
0.337151 2.03828 -0.27164 
0.319625 2.02769 -0.255575 
0.096831 2.03707 -0.348722 
0.104001 2.04029 -0.371902 
0.115813 2.04332 -0.39352 
0.1318 2.046 -0.412737 
0.151345 2.0482 -0.428812 
0.176687 2.04089 -0.438829 
0.198014 2.05093 -0.449229 
0.223373 2.05145 -0.452809 
0.248823 2.05145 -0.451749 
0.27341 2.05102 -0.446109 
0.296209 2.05023 -0.436122 
0.316363 2.04918 -0.422183 
0.333107 2.04795 -0.404837 
0.350466 2.04586 -0.373911 
0.353547 2.0356 -0.351362 
0.204665 2.01806 -0.216551 
0.204285 1.87934 -0.292436 
0.196442 1.87934 -0.296722 
0.191331 1.87671 -0.303597 
0.184485 1.8802 -0.309213 
0.179645 1.88149 -0.321032 
0.178633 1.88257 -0.329516 
0.226873 1.88039 -0.288676 
0.212982 1.87961 -0.289693 
0.253183 1.88266 -0.29763 
0.245051 1.88187 -0.293117 
0.236165 1.88109 -0.290091 
0.273173 1.88607 -0.334766 
0.272536 1.88548 -0.326308 
0.269211 1.88173 -0.318747 
0.265952 1.88417 -0.310349 
0.259643 1.88035 -0.304566 
0.179437 1.88373 -0.338098 
0.182018 1.88489 -0.346443 
0.18627 1.88598 -0.354226 
0.192026 1.88694 -0.361144 
0.199062 1.88774 -0.366931 
0.208185 1.8851 -0.370537 
0.215863 1.88872 -0.374281 
0.224992 1.8889 -0.37557 
0.234154 1.88891 -0.375188 
0.243005 1.88875 -0.373158 
0.251213 1.88847 -0.369562 
0.258468 1.88809 -0.364545 
0.264497 1.88764 -0.3583 
0.270746 1.88689 -0.347167 
0.271855 1.8832 -0.339049 
0.218257 1.87689 -0.290517 
0.50258 2.23993 -0.373824 
0.495901 2.26217 -0.422701 
0.458276 2.26669 -0.489735 
0.421981 2.26937 -0.527335 
0.378296 2.27164 -0.557547 
0.328877 2.27334 -0.579195 
0.275585 2.27428 -0.59142 
0.165452 2.27316 -0.585957 
0.064294 2.26724 -0.541702 
0.0219297 2.26246 -0.506859 
-0.0383277 2.25009 -0.418347 
0.429051 2.22279 -0.1662 
0.486662 2.23107 -0.251587 
0.506682 2.25366 -0.297108 
0.287689 2.22725 -0.079051 
0.341196 2.2319 -0.0972706 
0.390155 2.23667 -0.124439 
0.148105 2.2183 -0.0766507 
-0.0587099 2.23614 -0.316428 
-0.0526143 2.22966 -0.265345 
0.0177431 2.20084 -0.160369 
0.0485191 2.21671 -0.118973 
0.0957441 2.21672 -0.0931661 
0.183429 2.87817 -0.618877 
0.316644 2.55731 -0.598851 
0.350392 2.88206 -0.625124 
0.189837 2.88206 -0.673641 
0.129454 2.84212 -0.631039 
0.237053 2.79048 -0.630087 
0.204743 2.77787 -0.599387 
0.310032 2.83897 -0.650407 
0.118786 2.88288 -0.553958 
0.447486 2.61402 -0.554783 
0.419875 2.59994 -0.575237 
0.244108 2.53279 -0.580509 
0.157851 2.49807 -0.488986 
0.125433 2.50664 -0.440744 
0.193536 2.95993 -0.586949 
0.189489 2.82589 -0.459302 
0.492331 2.63092 -0.479857 
0.497436 2.65741 -0.431774 
0.121904 2.51569 -0.369611 
0.130896 2.52464 -0.336144 
0.342651 2.92897 -0.511396 
0.329722 2.92741 -0.492281 
0.269716 2.89945 -0.445525 
0.390109 2.64823 -0.265298 
0.421951 2.65704 -0.287427 
0.493054 2.64848 -0.39564 
0.211642 2.57383 -0.251405 
0.245186 2.59055 -0.240369 
0.281215 2.60711 -0.236243 
0.355115 2.63663 -0.248988 
0.205696 2.91293 -0.672188 
0.166904 2.86418 -0.669384 
0.339546 2.86805 -0.637136 
0.274028 2.81187 -0.647951 
0.181418 2.77821 -0.5285 
0.112358 2.86235 -0.570385 
0.11926 2.84662 -0.592589 
0.122552 2.84182 -0.618505 
0.186566 2.77543 -0.570606 
0.178815 2.94662 -0.565672 
0.154943 2.93428 -0.551053 
0.207442 2.95972 -0.612179 
0.36455 2.89888 -0.589668 
0.362644 2.91598 -0.573132 
0.239371 2.86503 -0.440789 
0.174365 2.79983 -0.490058 
0.301634 2.90739 -0.461985 
0.47869 2.63345 -0.514723 
0.480036 2.66515 -0.361997 
0.168758 2.55011 -0.279932 
0.195561 2.51866 -0.550129 
0.340723 2.55284 -0.592566 
0.214656 2.95062 -0.63721 
0.113761 2.10465 -0.138884 
0.0750363 2.10465 -0.160046 
0.0498 2.09163 -0.19399 
-0.00789311 2.11527 -0.280071 
-0.0128915 2.12058 -0.321959 
0.156697 2.10595 -0.125342 
0.355178 2.12101 -0.164528 
0.315031 2.1171 -0.14225 
0.271155 2.11329 -0.12731 
0.450729 2.13495 -0.306117 
0.434313 2.11642 -0.26879 
0.387073 2.10963 -0.198772 
0.00382193 2.13201 -0.405532 
0.053233 2.14216 -0.478112 
0.0879717 2.14608 -0.506684 
0.170922 2.15093 -0.542973 
0.26123 2.15186 -0.547453 
0.304929 2.15108 -0.537428 
0.345453 2.14969 -0.519676 
0.381275 2.14782 -0.494902 
0.411037 2.14563 -0.464071 
0.44189 2.14192 -0.409103 
0.447367 2.12368 -0.369024 
0.17132 2.06332 -0.254492 
0.155443 2.06332 -0.263168 
0.145096 2.05798 -0.277085 
0.121442 2.06767 -0.312378 
0.119392 2.06985 -0.329552 
0.188924 2.06386 -0.248939 
0.270301 2.07003 -0.265006 
0.253841 2.06843 -0.255872 
0.235852 2.06686 -0.249746 
0.309477 2.07574 -0.323057 
0.302746 2.06815 -0.307753 
0.283378 2.06536 -0.279046 
0.126245 2.07454 -0.363817 
0.146503 2.0787 -0.393575 
0.160746 2.08031 -0.405289 
0.194756 2.0823 -0.420168 
0.231782 2.08268 -0.422005 
0.249699 2.08236 -0.417895 
0.266314 2.08179 -0.410616 
0.281 2.08102 -0.400459 
0.293203 2.08012 -0.387818 
0.305853 2.0786 -0.365281 
0.308098 2.07113 -0.348849 
</float_array>
                    <technique_common>
                        <accessor count="747" offset="0" source="#Mesh_Object_positions_array" stride="3">
                            <param name="X" type="float"></param>
                            <param name="Y" type="float"></param>
                            <param name="Z" type="float"></param>
                        </accessor>
                    </technique_common>
                </source>
                <vertices id="Mesh_Object_vertices">
                    <input semantic="POSITION" source="#Mesh_Object_positions"></input>
                </vertices>
                <polylist count="635" material="01">
                    <input offset="0" semantic="VERTEX" source="#Mesh_Object_vertices"></input>
                    <vcount>4 4 4 4 4 4 4 4 4 4 4 4 4 4 4 4 4 4 4 4 4 4 4 4 4 4 4 4 4 4 4 4 4 4 4 4 4 4 4 4 4 4 4 4 4 4 4 4 4 4 4 4 4 4 4 4 4 4 4 4 4 4 4 4 4 4 4 4 3 4 4 4 3 4 3 4 4 3 4 4 3 4 3 4 4 3 4 4 3 4 4 4 3 4 3 4 3 4 3 4 3 4 4 4 3 4 3 4 3 4 3 4 3 4 3 3 4 4 3 4 3 3 4 3 3 4 3 3 3 4 3 4 4 4 3 3 3 4 4 4 3 4 3 4 4 4 4 3 3 4 3 3 4 4 3 4 4 3 4 3 3 4 3 3 4 3 4 4 4 4 4 4 4 4 3 4 4 4 3 4 4 3 4 4 3 4 3 4 3 4 3 3 3 4 4 4 4 4 4 4 4 4 4 4 4 4 4 4 4 4 4 4 4 4 4 4 4 4 4 4 4 4 4 4 4 4 4 4 4 4 4 4 4 4 4 4 4 4 4 4 4 4 4 4 4 4 4 4 4 4 4 4 4 4 4 4 4 4 4 4 4 4 4 4 4 4 4 4 4 4 4 4 4 4 4 4 4 4 4 4 4 4 4 4 4 4 4 4 4 4 4 4 4 4 4 4 4 4 4 4 4 4 4 4 4 4 4 4 4 4 4 4 4 4 4 4 4 4 4 4 4 4 4 4 4 4 4 4 4 4 4 4 4 4 4 4 4 4 4 4 4 4 4 4 4 4 4 4 4 4 4 4 4 4 4 4 4 4 4 4 4 4 4 4 4 4 4 4 4 4 4 4 4 4 4 4 4 4 4 4 4 4 4 4 4 4 4 4 4 4 4 4 4 4 4 4 4 4 4 4 4 4 4 4 4 4 4 4 4 4 4 4 4 4 4 4 4 4 4 4 4 4 4 4 4 4 4 4 4 4 4 4 4 4 4 4 4 4 4 4 4 4 4 4 4 4 4 4 4 4 4 4 4 4 4 4 4 4 4 4 4 4 4 4 4 4 4 4 4 4 4 4 4 4 4 4 4 4 4 4 4 4 4 4 4 4 4 4 4 4 4 4 4 4 4 4 4 4 4 4 4 4 4 4 4 4 4 4 4 4 4 4 4 4 4 4 4 4 4 4 4 4 4 4 4 4 4 4 4 4 4 4 4 4 4 4 4 4 4 4 4 4 4 4 4 4 4 4 4 4 4 4 4 4 4 4 4 4 4 4 4 4 4 4 4 4 4 4 4 4 4 4 4 4 4 4 4 4 4 4 4 4 4 4 4 4 4 4 4 4 4 4 4 4 4 4 4 4 4 4 4 4 4 4 4 4 4 4 4 4 4 4 4 4 4 4 4 4 4 4 4 4 4 4 4 4 4 4 4 4 4 4 4 4 4 </vcount>
                    <p>602 603 571 570 596 597 565 564 621 622 590 589 600 593 561 568 603 599 567 571 601 602 570 569 618 619 587 586 615 616 584 583 609 610 578 577 595 596 564 563 623 604 572 591 622 623 591 590 620 621 589 588 619 620 588 587 617 618 586 585 616 617 585 584 614 615 583 582 613 614 582 581 612 613 581 580 611 612 580 579 610 611 579 578 598 609 577 566 597 598 566 565 594 595 563 562 593 594 562 561 624 600 568 592 599 624 592 567 608 601 569 576 607 608 576 575 606 607 575 574 605 606 574 573 604 605 573 572 570 571 549 550 564 565 555 556 589 590 530 531 568 561 559 552 571 567 553 549 569 570 550 551 586 587 533 534 583 584 536 537 577 578 542 543 563 564 556 557 591 572 548 529 590 591 529 530 588 589 531 532 587 588 532 533 585 586 534 535 584 585 535 536 582 583 537 538 581 582 538 539 580 581 539 540 579 580 540 541 578 579 541 542 566 577 543 554 565 566 554 555 562 563 557 558 561 562 558 559 592 568 552 528 567 592 528 553 576 569 551 544 575 576 544 545 574 575 545 546 573 574 546 547 572 573 547 548 549 507 508 550 555 494 495 556 472 473 531 530 503 552 559 502 501 502 559 553 506 507 549 508 509 551 550 478 534 533 477 476 477 533 537 536 481 482 537 482 483 542 489 490 543 556 496 497 557 556 495 496 548 469 470 529 470 471 530 529 471 472 530 531 473 474 532 474 475 532 475 476 533 532 534 478 479 535 479 480 535 480 481 536 535 483 484 538 537 538 484 485 485 560 539 538 540 539 560 486 540 486 487 541 487 488 541 488 489 542 541 490 491 543 543 491 492 554 492 493 554 554 493 494 555 557 497 498 498 499 558 557 558 499 500 558 500 501 559 552 503 504 528 504 505 553 528 553 505 506 551 509 510 544 544 510 511 511 512 545 544 545 512 513 545 513 514 546 546 514 515 515 516 547 546 547 516 517 547 517 518 548 548 518 469 46 99 45 20 76 75 19 124 75 76 77 125 124 77 87 133 85 86 134 133 87 98 143 97 112 60 61 62 113 112 62 116 65 66 116 115 64 65 431 477 476 120 70 71 121 120 72 38 39 93 37 61 5 6 61 60 4 5 11 67 66 10 71 70 14 15 71 15 16 25 81 24 93 92 37 45 97 43 44 99 98 97 45 47 100 99 46 66 65 10 72 120 71 16 81 80 24 3 2 1 0 5 4 3 0 7 6 5 0 9 8 7 0 10 9 0 11 10 0 13 12 11 0 14 13 0 15 14 0 17 16 15 0 19 18 17 0 20 19 0 22 21 20 0 24 23 22 0 25 24 0 27 26 25 0 28 27 0 29 28 0 31 30 29 0 32 31 0 33 32 0 35 34 33 0 36 35 0 38 37 36 0 40 39 38 0 42 41 40 0 44 43 42 0 46 45 44 0 48 47 46 0 50 49 48 0 52 51 50 0 53 52 0 55 54 53 0 32 87 30 31 560 439 440 486 494 448 495 495 448 449 496 144 143 98 99 507 459 508 506 458 459 507 430 431 476 475 435 482 481 482 435 436 483 501 454 502 453 454 501 500 92 138 91 139 138 92 93 87 86 30 33 88 32 88 87 32 125 170 169 124 170 215 214 169 215 260 259 214 260 305 304 259 305 350 349 304 395 440 439 394 350 395 394 349 448 403 404 449 178 133 134 179 223 178 179 224 268 223 224 269 313 268 269 314 358 313 314 359 403 358 359 404 144 189 188 143 189 234 233 188 234 279 278 233 279 324 323 278 324 369 368 323 369 414 413 368 414 459 458 413 472 427 428 473 427 382 383 428 157 112 113 158 202 157 158 203 247 202 203 248 292 247 248 293 337 292 293 338 382 337 338 383 116 161 160 115 161 206 205 160 206 251 250 205 251 296 295 250 386 431 430 385 341 386 385 340 296 341 340 295 121 166 165 120 166 211 210 165 211 256 255 210 256 301 300 255 391 436 435 390 346 391 390 345 301 346 345 300 453 408 409 454 183 138 139 184 228 183 184 229 273 228 229 274 318 273 274 319 363 318 319 364 408 363 364 409 508 459 460 509 459 414 415 460 144 99 100 145 189 144 145 190 234 189 190 235 279 234 235 280 324 279 280 325 369 324 325 370 414 369 370 415 489 443 444 490 443 398 399 444 398 353 354 399 128 80 81 129 173 128 129 174 218 173 174 219 263 218 219 264 308 263 264 309 353 308 309 354 88 135 134 87 135 180 179 134 180 225 224 179 225 270 269 224 270 315 314 269 450 497 496 449 405 450 449 404 360 405 404 359 315 360 359 314 527 518 517 468 424 469 518 527 519 527 468 423 379 424 527 519 56 526 108 55 1 57 526 56 526 525 153 108 57 109 525 526 525 524 198 153 109 154 524 525 524 523 243 198 154 199 523 524 523 522 288 243 199 244 522 523 522 521 333 288 244 289 521 522 521 520 378 333 289 334 520 521 520 519 423 378 334 379 519 520 1 56 55 0 2 58 57 1 3 59 58 2 4 60 59 3 7 62 61 6 8 63 62 7 9 64 63 8 10 65 64 9 12 68 67 11 13 69 68 12 14 70 69 13 73 72 16 17 74 73 17 18 75 74 18 19 77 76 20 21 78 77 21 22 79 78 22 23 80 79 23 24 82 81 25 26 83 82 26 27 84 83 27 28 85 84 28 29 86 85 29 30 89 88 33 34 90 89 34 35 91 90 35 36 92 91 36 37 94 93 39 40 95 94 40 41 96 95 41 42 97 96 42 43 48 101 100 47 49 102 101 48 50 103 102 49 51 104 103 50 52 105 104 51 53 106 105 52 54 107 106 53 55 108 107 54 58 110 109 57 59 111 110 58 60 112 111 59 63 114 113 62 64 115 114 63 67 117 116 66 68 118 117 67 69 119 118 68 70 120 119 69 122 121 72 73 123 122 73 74 124 123 74 75 126 125 77 78 127 126 78 79 128 127 79 80 130 129 81 82 131 130 82 83 132 131 83 84 133 132 84 85 136 135 88 89 137 136 89 90 138 137 90 91 140 139 93 94 141 140 94 95 142 141 95 96 143 142 96 97 101 146 145 100 102 147 146 101 103 148 147 102 104 149 148 103 105 150 149 104 106 151 150 105 107 152 151 106 108 153 152 107 110 155 154 109 111 156 155 110 112 157 156 111 114 159 158 113 115 160 159 114 117 162 161 116 118 163 162 117 119 164 163 118 120 165 164 119 167 166 121 122 168 167 122 123 169 168 123 124 171 170 125 126 172 171 126 127 173 172 127 128 175 174 129 130 176 175 130 131 177 176 131 132 178 177 132 133 181 180 135 136 182 181 136 137 183 182 137 138 185 184 139 140 186 185 140 141 187 186 141 142 188 187 142 143 146 191 190 145 147 192 191 146 148 193 192 147 149 194 193 148 150 195 194 149 151 196 195 150 152 197 196 151 153 198 197 152 155 200 199 154 156 201 200 155 157 202 201 156 159 204 203 158 160 205 204 159 162 207 206 161 163 208 207 162 164 209 208 163 165 210 209 164 212 211 166 167 213 212 167 168 214 213 168 169 216 215 170 171 217 216 171 172 218 217 172 173 220 219 174 175 221 220 175 176 222 221 176 177 223 222 177 178 226 225 180 181 227 226 181 182 228 227 182 183 230 229 184 185 231 230 185 186 232 231 186 187 233 232 187 188 191 236 235 190 192 237 236 191 193 238 237 192 194 239 238 193 195 240 239 194 196 241 240 195 197 242 241 196 198 243 242 197 200 245 244 199 201 246 245 200 202 247 246 201 204 249 248 203 205 250 249 204 207 252 251 206 208 253 252 207 209 254 253 208 210 255 254 209 257 256 211 212 258 257 212 213 259 258 213 214 261 260 215 216 262 261 216 217 263 262 217 218 265 264 219 220 266 265 220 221 267 266 221 222 268 267 222 223 271 270 225 226 272 271 226 227 273 272 227 228 275 274 229 230 276 275 230 231 277 276 231 232 278 277 232 233 236 281 280 235 237 282 281 236 238 283 282 237 239 284 283 238 240 285 284 239 241 286 285 240 242 287 286 241 243 288 287 242 245 290 289 244 246 291 290 245 247 292 291 246 249 294 293 248 250 295 294 249 252 297 296 251 253 298 297 252 254 299 298 253 255 300 299 254 302 301 256 257 303 302 257 258 304 303 258 259 306 305 260 261 307 306 261 262 308 307 262 263 310 309 264 265 311 310 265 266 312 311 266 267 313 312 267 268 316 315 270 271 317 316 271 272 318 317 272 273 320 319 274 275 321 320 275 276 322 321 276 277 323 322 277 278 281 326 325 280 282 327 326 281 283 328 327 282 284 329 328 283 285 330 329 284 286 331 330 285 287 332 331 286 288 333 332 287 290 335 334 289 291 336 335 290 292 337 336 291 294 339 338 293 295 340 339 294 297 342 341 296 298 343 342 297 299 344 343 298 300 345 344 299 347 346 301 302 348 347 302 303 349 348 303 304 351 350 305 306 352 351 306 307 353 352 307 308 355 354 309 310 356 355 310 311 357 356 311 312 358 357 312 313 361 360 315 316 362 361 316 317 363 362 317 318 365 364 319 320 366 365 320 321 367 366 321 322 368 367 322 323 326 371 370 325 327 372 371 326 328 373 372 327 329 374 373 328 330 375 374 329 331 376 375 330 332 377 376 331 333 378 377 332 335 380 379 334 336 381 380 335 337 382 381 336 339 384 383 338 340 385 384 339 342 387 386 341 343 388 387 342 344 389 388 343 345 390 389 344 392 391 346 347 393 392 347 348 394 393 348 349 396 395 350 351 397 396 351 352 398 397 352 353 400 399 354 355 401 400 355 356 402 401 356 357 403 402 357 358 406 405 360 361 407 406 361 362 408 407 362 363 410 409 364 365 411 410 365 366 412 411 366 367 413 412 367 368 371 416 415 370 372 417 416 371 373 418 417 372 374 419 418 373 375 420 419 374 376 421 420 375 377 422 421 376 378 423 422 377 380 425 424 379 381 426 425 380 382 427 426 381 384 429 428 383 385 430 429 384 387 432 431 386 388 433 432 387 389 434 433 388 390 435 434 389 437 436 391 392 438 437 392 393 439 438 393 394 441 440 395 396 442 441 396 397 443 442 397 398 445 444 399 400 446 445 400 401 447 446 401 402 448 447 402 403 451 450 405 406 452 451 406 407 453 452 407 408 455 454 409 410 456 455 410 411 457 456 411 412 458 457 412 413 416 461 460 415 417 462 461 416 418 463 462 417 419 464 463 418 420 465 464 419 421 466 465 420 422 467 466 421 423 468 467 422 425 470 469 424 426 471 470 425 427 472 471 426 429 474 473 428 430 475 474 429 432 478 477 431 433 479 478 432 434 480 479 433 435 481 480 434 484 483 436 437 485 484 437 438 560 485 438 439 487 486 440 441 488 487 441 442 489 488 442 443 491 490 444 445 492 491 445 446 493 492 446 447 494 493 447 448 498 497 450 451 499 498 451 452 500 499 452 453 503 502 454 455 504 503 455 456 505 504 456 457 506 505 457 458 461 510 509 460 462 511 510 461 463 512 511 462 464 513 512 463 465 514 513 464 466 515 514 465 467 516 515 466 468 517 516 467 </p>
                </polylist>
                <polylist count="121" material="02">
                    <input offset="0" semantic="VERTEX" source="#Mesh_Object_vertices"></input>
                    <vcount>4 4 4 4 4 4 4 4 4 4 4 4 4 4 4 4 4 4 4 4 4 4 4 4 4 4 4 4 4 4 4 4 4 4 4 4 4 4 4 4 4 4 4 4 4 4 4 4 4 4 4 4 4 4 4 4 3 3 3 3 3 3 3 3 3 3 3 3 4 4 4 4 4 3 4 4 4 4 4 3 4 3 3 4 4 4 4 4 4 4 3 4 4 4 4 3 4 4 4 3 4 4 4 4 3 4 4 4 4 4 4 3 4 4 4 4 4 3 3 4 4 </vcount>
                    <p>714 737 736 713 634 714 713 635 704 727 726 703 644 704 703 645 667 644 645 697 663 667 697 692 656 663 692 688 717 740 739 716 631 717 716 632 649 631 632 659 653 649 659 654 712 735 734 711 636 712 711 637 638 625 664 665 723 625 638 710 746 723 710 733 706 729 732 709 654 659 698 686 738 715 716 739 715 633 632 716 633 698 659 632 682 661 666 693 728 705 713 736 705 643 635 713 643 666 661 635 731 730 707 708 745 744 721 722 746 745 722 723 744 743 720 721 743 742 719 720 742 741 718 719 741 740 717 718 738 737 714 715 728 727 704 705 726 725 702 703 725 724 701 702 724 729 706 701 732 731 708 709 730 735 712 707 734 733 710 711 708 707 641 640 722 721 627 626 723 722 626 625 721 720 628 627 720 719 629 628 719 718 630 629 718 717 631 630 715 714 634 633 705 704 644 643 703 702 646 645 702 701 647 646 701 706 642 647 639 642 706 709 709 708 640 639 707 712 636 641 711 710 638 637 678 651 648 651 679 648 679 652 648 648 652 685 685 684 648 684 683 648 648 683 656 656 688 648 688 687 648 687 662 648 662 689 648 689 700 648 672 671 640 641 627 657 695 626 700 690 650 678 690 665 664 650 650 664 695 680 678 650 680 664 625 626 695 680 695 657 655 678 680 655 651 657 627 628 658 655 657 658 681 651 655 681 658 628 629 699 630 699 629 681 658 699 679 651 681 653 649 699 630 631 653 681 699 649 652 654 686 685 660 698 633 634 686 698 660 682 685 686 682 684 660 661 682 684 682 693 683 683 693 663 656 666 643 644 667 663 693 666 667 674 692 697 697 645 646 674 674 646 647 675 692 674 675 670 688 692 670 675 647 642 676 670 675 676 694 688 670 694 687 677 676 642 639 677 694 676 694 677 671 669 687 694 669 662 671 677 639 640 662 669 668 689 668 669 671 672 668 672 696 691 689 668 691 696 672 641 636 689 691 690 700 673 696 636 637 691 696 673 690 673 637 638 665 690 673 665 700 678 648 679 653 654 652 660 634 635 661 </p>
                </polylist>
            </mesh>
        </geometry>
    </library_geometries>
    <library_controllers></library_controllers>
    <library_visual_scenes>
        <visual_scene id="VisualSceneNode" name="Scene">
            <node id="Mesh_Object" name="Mesh_Object">
                <instance_geometry url="#Mesh_Object_lib">
                    <bind_material>
                        <technique_common>
                            <instance_material symbol="01" target="#01"></instance_material>
                            <instance_material symbol="02" target="#02"></instance_material>
                        </technique_common>
                    </bind_material>
                </instance_geometry>
            </node>
        </visual_scene>
    </library_visual_scenes>
    <scene>
        <instance_visual_scene url="#VisualSceneNode"></instance_visual_scene>
    </scene>
</COLLADA>
